232.0000	400.8429
235.0000	401.8211
238.0000	402.7994
241.0000	403.7776
244.0000	404.7559
247.0000	405.7341
250.0000	406.7123
253.0000	407.6906
256.0000	408.6688
259.0000	409.6471
262.0000	410.6253
265.0000	411.6035
268.0000	412.5818
271.0000	413.5600
274.0000	414.5382
277.0000	415.5165
280.0000	416.4947
283.0000	417.4730
286.0000	418.4512
289.0000	419.4294
292.0000	420.4077
295.0000	421.3859
298.0000	422.3642
301.0000	423.3424
304.0000	424.3206
307.0000	425.2989
310.0000	426.2771
313.0000	427.2554
316.0000	428.2336
319.0000	429.2118
322.0000	430.1901
325.0000	431.1683
328.0000	432.1466
331.0000	433.1248
334.0000	434.1030
337.0000	435.0813
340.0000	436.0595
343.0000	437.0377
346.0000	438.0160
349.0000	438.9942
352.0000	439.9725
355.0000	440.9507
358.0000	441.9289
361.0000	442.9072
364.0000	443.8854
367.0000	444.8637
370.0000	445.8419
373.0000	446.8201
376.0000	447.7984
379.0000	448.7766
382.0000	449.7549
385.0000	450.7331
388.0000	451.7113
391.0000	452.6896
394.0000	453.6678
397.0000	454.6461
400.0000	455.6243
403.0000	456.6025
406.0000	457.5808
409.0000	458.5590
412.0000	459.5372
415.0000	460.5155
418.0000	461.4937
421.0000	462.4720
424.0000	463.4502
427.0000	464.4284
430.0000	465.4067
433.0000	466.3849
436.0000	467.3632
439.0000	468.3414
442.0000	469.3196
445.0000	470.2979
448.0000	471.2761
451.0000	472.2544
454.0000	473.2326
457.0000	474.2108
460.0000	475.1891
463.0000	476.1673
466.0000	477.1456
469.0000	478.1238
472.0000	479.1020
475.0000	480.0803
478.0000	481.0585
481.0000	482.0367
484.0000	483.0150
487.0000	483.9932
490.0000	484.9715
493.0000	485.9497
496.0000	486.9279
499.0000	487.9062
502.0000	488.8844
505.0000	489.8627
508.0000	490.8409
511.0000	491.8191
514.0000	492.7974
517.0000	493.7756
520.0000	494.7539
523.0000	495.7321
526.0000	496.7103
529.0000	497.6886
532.0000	498.6668
535.0000	499.6451
538.0000	500.6233
541.0000	501.6015
544.0000	502.5798
547.0000	503.5580
550.0000	504.5362
553.0000	505.5145
556.0000	506.4927
559.0000	507.4710
562.0000	508.4492
565.0000	509.4274
568.0000	510.4057
571.0000	511.3839
574.0000	512.3622
577.0000	513.3404
580.0000	514.3186
583.0000	515.2969
586.0000	516.2751
589.0000	517.2534
592.0000	518.2316
595.0000	519.2098
598.0000	520.1881
601.0000	521.1663
604.0000	522.1446
607.0000	523.1228
610.0000	524.1010
613.0000	525.0793
616.0000	526.0575
619.0000	527.0357
622.0000	528.0140
625.0000	528.9922
628.0000	529.9705
631.0000	530.9487
634.0000	531.9269
637.0000	532.9052
640.0000	533.8834
643.0000	534.8617
646.0000	535.8399
649.0000	536.8181
652.0000	537.7964
655.0000	538.7746
658.0000	539.7529
661.0000	540.7311
664.0000	541.7093
667.0000	542.6876
670.0000	543.6658
673.0000	544.6441
676.0000	545.6223
679.0000	546.6005
682.0000	547.5788
685.0000	548.5570
688.0000	549.5352
691.0000	550.5135
694.0000	551.4917
697.0000	552.4700
700.0000	553.4482
703.0000	554.4264
706.0000	555.4047
709.0000	556.3829
712.0000	557.3612
715.0000	558.3394
718.0000	559.3176
721.0000	560.2959
724.0000	561.2741
727.0000	562.2524
730.0000	563.2306
733.0000	564.2088
736.0000	565.1871
739.0000	566.1653
742.0000	567.1436
745.0000	568.1218
748.0000	569.1000
751.0000	570.0783
754.0000	571.0565
757.0000	572.0347
760.0000	573.0130
763.0000	573.9912
766.0000	574.9695
769.0000	575.9477
772.0000	576.9259
775.0000	577.9042
778.0000	578.8824
781.0000	579.8607
784.0000	580.8389
787.0000	581.8171
790.0000	582.7954
793.0000	583.7736
796.0000	584.7519
799.0000	585.7301
802.0000	586.7083
805.0000	587.6866
808.0000	588.6648
811.0000	589.6431
814.0000	590.6213
817.0000	591.5995
820.0000	592.5778
823.0000	593.5560
826.0000	594.5342
829.0000	595.5125
832.0000	596.4907
835.0000	597.4690
838.0000	598.4472
841.0000	599.4254
844.0000	600.4037
847.0000	601.3819
850.0000	602.3602
853.0000	603.3384
856.0000	604.3166
859.0000	605.2949
862.0000	606.2731
865.0000	607.2514
868.0000	608.2296
871.0000	609.2078
874.0000	610.1861
877.0000	611.1643
880.0000	612.1426
883.0000	613.1208
886.0000	614.0990
889.0000	615.0773
892.0000	616.0555
895.0000	617.0337
898.0000	618.0120
901.0000	618.9902
904.0000	619.9685
907.0000	620.9467
910.0000	621.9249
913.0000	622.9032
916.0000	623.8814
919.0000	624.8597
922.0000	625.8379
925.0000	626.8161
928.0000	627.7944
931.0000	628.7726
934.0000	629.7509
937.0000	630.7291
940.0000	631.7073
943.0000	632.6856
946.0000	633.6638
949.0000	634.6421
952.0000	635.6203
955.0000	636.5985
958.0000	637.5768
961.0000	638.5550
964.0000	639.5332
967.0000	640.5115
970.0000	641.4897
973.0000	642.4680
976.0000	643.4462
979.0000	644.4244
982.0000	645.4027
985.0000	646.3809
988.0000	647.3592
991.0000	648.3374
994.0000	649.3156
997.0000	650.2939
1000.0000	651.2721
1003.0000	652.2504
1006.0000	653.2286
1009.0000	654.2068
1012.0000	655.1851
1015.0000	656.1633
1018.0000	657.1416
1021.0000	658.1198
1024.0000	659.0980
1027.0000	660.0763
1030.0000	661.0545
1033.0000	662.0327
1036.0000	663.0110
1039.0000	663.9892
1042.0000	664.9675
1045.0000	665.9457
1048.0000	666.9239
1051.0000	667.9022
1054.0000	668.8804
1057.0000	669.8587
1060.0000	670.8369
1063.0000	671.8151
1066.0000	672.7934
1069.0000	673.7716
1072.0000	674.7499
1075.0000	675.7281
1078.0000	676.7063
1081.0000	677.6846
1084.0000	678.6628
1087.0000	679.6411
1090.0000	680.6193
1093.0000	681.5975
1096.0000	682.5758
1099.0000	683.5540
1102.0000	684.5322
1105.0000	685.5105
1108.0000	686.4887
1111.0000	687.4670
1114.0000	688.4452
1117.0000	689.4234
1120.0000	690.4017
1123.0000	691.3799
1126.0000	692.3582
1129.0000	693.3364
1132.0000	694.3146
1135.0000	695.2929
1138.0000	696.2711
1141.0000	697.2494
1144.0000	698.2276
1147.0000	699.2058
1150.0000	700.1841
1153.0000	701.1623
1156.0000	702.1406
1159.0000	703.1188
1162.0000	704.0970
1165.0000	705.0753
1168.0000	706.0535
1171.0000	707.0317
1174.0000	708.0100
1177.0000	708.9882
1180.0000	709.9665
1183.0000	710.9447
1186.0000	711.9229
1189.0000	712.9012
1192.0000	713.8794
1195.0000	714.8577
1198.0000	715.8359
1201.0000	716.8141
1204.0000	717.7924
1207.0000	718.7706
1210.0000	719.7489
1213.0000	720.7271
1216.0000	721.7053
1219.0000	722.6836
1222.0000	723.6618
1225.0000	724.6401
1228.0000	725.6183
1231.0000	726.5965
1234.0000	727.5748
1237.0000	728.5530
1240.0000	729.5312
1243.0000	730.5095
1246.0000	731.4877
1249.0000	732.4660
1252.0000	733.4442
1255.0000	734.4224
1258.0000	735.4007
1261.0000	736.3789
1264.0000	737.3572
1267.0000	738.3354
1270.0000	739.3136
1273.0000	740.2919
1276.0000	741.2701
1279.0000	742.2484
1282.0000	743.2266
1285.0000	744.2048
1288.0000	745.1831
1291.0000	746.1613
1294.0000	747.1396
1297.0000	748.1178
1300.0000	749.0960
1303.0000	750.0743
1306.0000	751.0525
1309.0000	752.0307
1312.0000	753.0090
1315.0000	753.9872
1318.0000	754.9655
1321.0000	755.9437
1324.0000	756.9219
1327.0000	757.9002
1330.0000	758.8784
1333.0000	759.8567
1336.0000	760.8349
1339.0000	761.8131
1342.0000	762.7914
1345.0000	763.7696
1348.0000	764.7479
1351.0000	765.7261
1354.0000	766.7043
1357.0000	767.6826
1360.0000	768.6608
1363.0000	769.6391
1366.0000	770.6173
1369.0000	771.5955
1372.0000	772.5738
1375.0000	773.5520
1378.0000	774.5303
1381.0000	775.5085
1384.0000	776.4867
1387.0000	777.4650
1390.0000	778.4432
1393.0000	779.4214
1396.0000	780.3997
1399.0000	781.3779
1402.0000	782.3562
1405.0000	783.3344
1408.0000	784.3126
1411.0000	785.2909
1414.0000	786.2691
1417.0000	787.2474
1420.0000	788.2256
1423.0000	789.2038
1426.0000	790.1821
1429.0000	791.1603
1432.0000	792.1386
1435.0000	793.1168
1438.0000	794.0950
1441.0000	795.0733
1444.0000	796.0515
1447.0000	797.0298
1450.0000	798.0080
1453.0000	798.9862
1456.0000	799.9645
1459.0000	800.9427
1462.0000	801.9209
1465.0000	802.8992
1468.0000	803.8774
1471.0000	804.8557
1474.0000	805.8339
1477.0000	806.8121
1480.0000	807.7904
1483.0000	808.7686
1486.0000	809.7469
1489.0000	810.7251
1492.0000	811.7033
1495.0000	812.6816
1498.0000	813.6598
1501.0000	814.6381
1504.0000	815.6163
1507.0000	816.5945
1510.0000	817.5728
1513.0000	818.5510
1516.0000	819.5293
1519.0000	820.5075
1522.0000	821.4857
1525.0000	822.4640
1528.0000	823.4422
1531.0000	824.4204
1534.0000	825.3987
1537.0000	826.3769
1540.0000	827.3552
1543.0000	828.3334
1546.0000	829.3116
1549.0000	830.2899
1552.0000	831.2681
1555.0000	832.2464
1558.0000	833.2246
1561.0000	834.2028
1564.0000	835.1811
1567.0000	836.1593
1570.0000	837.1376
1573.0000	838.1158
1576.0000	839.0940
1579.0000	840.0723
1582.0000	841.0505
1585.0000	842.0288
1588.0000	843.0070
1591.0000	843.9852
1594.0000	844.9635
1597.0000	845.9417
1600.0000	846.9199
1603.0000	847.8982
1606.0000	848.8764
1609.0000	849.8547
1612.0000	850.8329
1615.0000	851.8111
1618.0000	852.7894
1621.0000	853.7676
1624.0000	854.7459
1627.0000	855.7241
1630.0000	856.7023
1633.0000	857.6806
1636.0000	858.6588
1639.0000	859.6371
1642.0000	860.6153
1645.0000	861.5935
1648.0000	862.5718
1651.0000	863.5500
1654.0000	864.5283
1657.0000	865.5065
1660.0000	866.4847
1663.0000	867.4630
1666.0000	868.4412
1669.0000	869.4194
1672.0000	870.3977
1675.0000	871.3759
1678.0000	872.3542
1681.0000	873.3324
1684.0000	874.3106
1687.0000	875.2889
1690.0000	876.2671
1693.0000	877.2454
1696.0000	878.2236
1699.0000	879.2018
1702.0000	880.1801
1705.0000	881.1583
1708.0000	882.1366
1711.0000	883.1148
1714.0000	884.0930
1717.0000	885.0713
1720.0000	886.0495
1723.0000	887.0278
1726.0000	888.0060
1729.0000	888.9842
1732.0000	889.9625
1735.0000	890.9407
1738.0000	891.9189
1741.0000	892.8972
1744.0000	893.8754
1747.0000	894.8537
1750.0000	895.8319
1753.0000	896.8101
1756.0000	897.7884
1759.0000	898.7666
1762.0000	899.7449
1765.0000	900.7231
1768.0000	901.7013
1771.0000	902.6796
1774.0000	903.6578
1777.0000	904.6361
1780.0000	905.6143
1783.0000	906.5925
1786.0000	907.5708
1789.0000	908.5490
1792.0000	909.5273
1795.0000	910.5055
1798.0000	911.4837
1801.0000	912.4620
1804.0000	913.4402
1807.0000	914.4184
1810.0000	915.3967
1813.0000	916.3749
1816.0000	917.3532
1819.0000	918.3314
1822.0000	919.3096
1825.0000	920.2879
1828.0000	921.2661
1831.0000	922.2444
1834.0000	923.2226
1837.0000	924.2008
1840.0000	925.1791
1843.0000	926.1573
1846.0000	927.1356
1849.0000	928.1138
1852.0000	929.0920
1855.0000	930.0703
1858.0000	931.0485
1861.0000	932.0268
1864.0000	933.0050
1867.0000	933.9832
1870.0000	934.9615
1873.0000	935.9397
1876.0000	936.9179
1879.0000	937.8962
1882.0000	938.8744
1885.0000	939.8527
1888.0000	940.8309
1891.0000	941.8091
1894.0000	942.7874
1897.0000	943.7656
1900.0000	944.7439
1903.0000	945.7221
1906.0000	946.7003
1909.0000	947.6786
1912.0000	948.6568
1915.0000	949.6351
